5.757000000000000000e+03
5.880000000000000000e+02
2.127000000000000000e+03
6.217000000000000000e+03
1.585000000000000000e+03
6.780000000000000000e+03
3.859000000000000000e+03
7.451000000000000000e+03
4.534000000000000000e+03
1.904000000000000000e+03
2.383000000000000000e+03
5.141000000000000000e+03
5.312000000000000000e+03
4.139000000000000000e+03
2.758000000000000000e+03
1.987000000000000000e+03
3.969000000000000000e+03
7.086000000000000000e+03
6.705000000000000000e+03
4.730000000000000000e+02
6.674000000000000000e+03
1.613000000000000000e+03
6.324000000000000000e+03
2.270000000000000000e+03
6.500000000000000000e+02
8.880000000000000000e+02
6.713000000000000000e+03
3.744000000000000000e+03
5.233000000000000000e+03
4.868000000000000000e+03
6.747000000000000000e+03
7.407000000000000000e+03
7.071000000000000000e+03
6.148000000000000000e+03
6.212000000000000000e+03
7.599000000000000000e+03
7.181000000000000000e+03
7.361000000000000000e+03
5.875000000000000000e+03
8.970000000000000000e+02
4.260000000000000000e+02
4.427000000000000000e+03
2.098000000000000000e+03
3.226000000000000000e+03
7.236000000000000000e+03
6.818000000000000000e+03
2.236000000000000000e+03
3.741000000000000000e+03
7.176000000000000000e+03
5.232000000000000000e+03
4.445000000000000000e+03
7.584000000000000000e+03
6.049000000000000000e+03
5.256000000000000000e+03
2.521000000000000000e+03
6.874000000000000000e+03
1.600000000000000000e+02
2.177000000000000000e+03
7.530000000000000000e+02
1.011000000000000000e+03
6.191000000000000000e+03
5.395000000000000000e+03
7.040000000000000000e+02
3.679000000000000000e+03
1.988000000000000000e+03
2.376000000000000000e+03
8.190000000000000000e+02
7.371000000000000000e+03
1.629000000000000000e+03
4.096000000000000000e+03
3.217000000000000000e+03
1.664000000000000000e+03
2.518000000000000000e+03
3.732000000000000000e+03
6.091000000000000000e+03
1.724000000000000000e+03
4.872000000000000000e+03
6.944000000000000000e+03
5.267000000000000000e+03
4.858000000000000000e+03
3.489000000000000000e+03
7.804000000000000000e+03
3.930000000000000000e+02
5.282000000000000000e+03
4.642000000000000000e+03
3.325000000000000000e+03
6.859000000000000000e+03
4.551000000000000000e+03
7.690000000000000000e+03
2.400000000000000000e+02
1.420000000000000000e+02
2.710000000000000000e+03
6.907000000000000000e+03
1.620000000000000000e+03
5.377000000000000000e+03
6.820000000000000000e+03
6.214000000000000000e+03
7.030000000000000000e+03
3.565000000000000000e+03
7.499000000000000000e+03
1.105000000000000000e+03
5.072000000000000000e+03
3.360000000000000000e+02
7.540000000000000000e+02
4.998000000000000000e+03
1.386000000000000000e+03
1.742000000000000000e+03
5.478000000000000000e+03
3.967000000000000000e+03
5.565000000000000000e+03
5.225000000000000000e+03
7.365000000000000000e+03
6.483000000000000000e+03
1.326000000000000000e+03
5.402000000000000000e+03
1.030000000000000000e+02
4.066000000000000000e+03
3.784000000000000000e+03
6.370000000000000000e+02
5.147000000000000000e+03
3.059000000000000000e+03
1.883000000000000000e+03
7.383000000000000000e+03
6.737000000000000000e+03
5.824000000000000000e+03
2.684000000000000000e+03
3.138000000000000000e+03
1.495000000000000000e+03
7.025000000000000000e+03
1.262000000000000000e+03
1.577000000000000000e+03
4.603000000000000000e+03
6.011000000000000000e+03
2.630000000000000000e+02
5.218000000000000000e+03
7.603000000000000000e+03
1.449000000000000000e+03
6.197000000000000000e+03
6.654000000000000000e+03
5.179000000000000000e+03
7.254000000000000000e+03
3.297000000000000000e+03
2.034000000000000000e+03
4.990000000000000000e+03
6.418000000000000000e+03
2.247000000000000000e+03
1.699000000000000000e+03
5.933000000000000000e+03
4.325000000000000000e+03
5.914000000000000000e+03
1.552000000000000000e+03
5.753000000000000000e+03
4.082000000000000000e+03
3.925000000000000000e+03
3.715000000000000000e+03
4.312000000000000000e+03
1.860000000000000000e+03
5.378000000000000000e+03
2.557000000000000000e+03
4.426000000000000000e+03
6.136000000000000000e+03
6.581000000000000000e+03
2.866000000000000000e+03
6.070000000000000000e+03
7.805000000000000000e+03
3.593000000000000000e+03
3.693000000000000000e+03
2.333000000000000000e+03
3.462000000000000000e+03
3.418000000000000000e+03
2.145000000000000000e+03
5.279000000000000000e+03
4.830000000000000000e+03
7.742000000000000000e+03
6.414000000000000000e+03
7.324000000000000000e+03
2.806000000000000000e+03
7.713000000000000000e+03
5.010000000000000000e+03
6.800000000000000000e+01
1.268000000000000000e+03
2.213000000000000000e+03
3.680000000000000000e+03
6.649000000000000000e+03
6.281000000000000000e+03
2.911000000000000000e+03
2.588000000000000000e+03
7.709000000000000000e+03
1.730000000000000000e+03
6.416000000000000000e+03
3.382000000000000000e+03
1.673000000000000000e+03
1.450000000000000000e+02
6.053000000000000000e+03
2.567000000000000000e+03
7.428000000000000000e+03
1.858000000000000000e+03
3.236000000000000000e+03
2.542000000000000000e+03
4.281000000000000000e+03
4.036000000000000000e+03
5.114000000000000000e+03
5.802000000000000000e+03
1.519000000000000000e+03
3.129000000000000000e+03
9.370000000000000000e+02
1.898000000000000000e+03
6.298000000000000000e+03
4.831000000000000000e+03
6.983000000000000000e+03
1.839000000000000000e+03
7.090000000000000000e+02
7.590000000000000000e+02
5.239000000000000000e+03
3.122000000000000000e+03
3.555000000000000000e+03
9.440000000000000000e+02
4.221000000000000000e+03
4.985000000000000000e+03
3.461000000000000000e+03
2.108000000000000000e+03
1.311000000000000000e+03
4.329000000000000000e+03
5.594000000000000000e+03
3.397000000000000000e+03
3.066000000000000000e+03
6.502000000000000000e+03
6.856000000000000000e+03
8.390000000000000000e+02
5.595000000000000000e+03
8.550000000000000000e+02
3.586000000000000000e+03
1.854000000000000000e+03
5.674000000000000000e+03
8.330000000000000000e+02
1.670000000000000000e+03
6.920000000000000000e+02
7.182000000000000000e+03
1.934000000000000000e+03
6.926000000000000000e+03
3.421000000000000000e+03
2.280000000000000000e+02
1.182000000000000000e+03
1.763000000000000000e+03
6.346000000000000000e+03
3.490000000000000000e+03
7.420000000000000000e+02
4.999000000000000000e+03
1.290000000000000000e+02
1.795000000000000000e+03
7.673000000000000000e+03
3.871000000000000000e+03
6.550000000000000000e+02
4.131000000000000000e+03
2.667000000000000000e+03
4.233000000000000000e+03
1.380000000000000000e+03
4.806000000000000000e+03
2.570000000000000000e+02
1.045000000000000000e+03
3.135000000000000000e+03
1.068000000000000000e+03
2.126000000000000000e+03
5.223000000000000000e+03
6.028000000000000000e+03
1.590000000000000000e+02
4.273000000000000000e+03
3.618000000000000000e+03
1.136000000000000000e+03
3.651000000000000000e+03
2.117000000000000000e+03
2.886000000000000000e+03
1.925000000000000000e+03
1.512000000000000000e+03
4.683000000000000000e+03
7.070000000000000000e+03
5.839000000000000000e+03
3.420000000000000000e+02
5.230000000000000000e+02
1.504000000000000000e+03
1.500000000000000000e+02
4.808000000000000000e+03
4.733000000000000000e+03
1.157000000000000000e+03
2.760000000000000000e+03
3.717000000000000000e+03
2.960000000000000000e+02
3.139000000000000000e+03
2.516000000000000000e+03
3.820000000000000000e+03
4.705000000000000000e+03
1.117000000000000000e+03
2.495000000000000000e+03
6.626000000000000000e+03
4.466000000000000000e+03
3.170000000000000000e+03
3.674000000000000000e+03
4.769000000000000000e+03
3.689000000000000000e+03
5.018000000000000000e+03
3.691000000000000000e+03
2.285000000000000000e+03
5.434000000000000000e+03
5.188000000000000000e+03
2.631000000000000000e+03
3.071000000000000000e+03
1.806000000000000000e+03
2.608000000000000000e+03
4.361000000000000000e+03
7.340000000000000000e+03
4.682000000000000000e+03
1.421000000000000000e+03
6.251000000000000000e+03
2.625000000000000000e+03
5.560000000000000000e+03
1.630000000000000000e+03
1.918000000000000000e+03
6.749000000000000000e+03
7.288000000000000000e+03
2.492000000000000000e+03
6.350000000000000000e+02
8.830000000000000000e+02
7.718000000000000000e+03
5.692000000000000000e+03
3.811000000000000000e+03
5.226000000000000000e+03
5.004000000000000000e+03
5.170000000000000000e+02
2.762000000000000000e+03
1.538000000000000000e+03
6.786000000000000000e+03
6.155000000000000000e+03
7.686000000000000000e+03
3.547000000000000000e+03
3.296000000000000000e+03
1.718000000000000000e+03
7.000000000000000000e+00
1.800000000000000000e+01
4.420000000000000000e+02
4.994000000000000000e+03
2.459000000000000000e+03
4.052000000000000000e+03
4.411000000000000000e+03
5.008000000000000000e+03
5.684000000000000000e+03
3.847000000000000000e+03
7.333000000000000000e+03
3.594000000000000000e+03
7.645000000000000000e+03
4.109000000000000000e+03
2.184000000000000000e+03
7.663000000000000000e+03
5.323000000000000000e+03
7.330000000000000000e+03
3.447000000000000000e+03
3.889000000000000000e+03
4.511000000000000000e+03
4.760000000000000000e+03
1.695000000000000000e+03
5.713000000000000000e+03
6.417000000000000000e+03
6.457000000000000000e+03
6.319000000000000000e+03
5.028000000000000000e+03
4.649000000000000000e+03
6.557000000000000000e+03
5.120000000000000000e+02
3.120000000000000000e+03
5.710000000000000000e+03
1.597000000000000000e+03
9.850000000000000000e+02
6.358000000000000000e+03
2.821000000000000000e+03
2.656000000000000000e+03
4.527000000000000000e+03
6.714000000000000000e+03
3.700000000000000000e+02
1.000000000000000000e+02
7.363000000000000000e+03
2.263000000000000000e+03
4.537000000000000000e+03
5.044000000000000000e+03
7.657000000000000000e+03
6.867000000000000000e+03
3.155000000000000000e+03
4.604000000000000000e+03
2.738000000000000000e+03
7.321000000000000000e+03
6.913000000000000000e+03
4.185000000000000000e+03
1.497000000000000000e+03
