1.873000000000000000e+03
1.073000000000000000e+03
3.172000000000000000e+03
7.288000000000000000e+03
1.027000000000000000e+03
3.914000000000000000e+03
5.603000000000000000e+03
3.802000000000000000e+03
4.095000000000000000e+03
1.090000000000000000e+02
4.079000000000000000e+03
6.660000000000000000e+03
4.829000000000000000e+03
2.297000000000000000e+03
1.986000000000000000e+03
3.085000000000000000e+03
1.115000000000000000e+03
1.163000000000000000e+03
6.241000000000000000e+03
1.386000000000000000e+03
1.960000000000000000e+03
2.161000000000000000e+03
3.970000000000000000e+03
5.007000000000000000e+03
6.958000000000000000e+03
4.257000000000000000e+03
3.892000000000000000e+03
2.353000000000000000e+03
2.577000000000000000e+03
1.467000000000000000e+03
6.681000000000000000e+03
6.146000000000000000e+03
8.860000000000000000e+02
2.642000000000000000e+03
6.638000000000000000e+03
5.852000000000000000e+03
6.327000000000000000e+03
5.130000000000000000e+03
6.799000000000000000e+03
5.410000000000000000e+02
6.732000000000000000e+03
3.113000000000000000e+03
5.261000000000000000e+03
8.370000000000000000e+02
1.843000000000000000e+03
3.147000000000000000e+03
2.181000000000000000e+03
5.992000000000000000e+03
2.462000000000000000e+03
3.131000000000000000e+03
7.364000000000000000e+03
5.219000000000000000e+03
3.120000000000000000e+02
4.081000000000000000e+03
6.060000000000000000e+02
1.267000000000000000e+03
4.974000000000000000e+03
2.943000000000000000e+03
7.340000000000000000e+02
7.405000000000000000e+03
2.146000000000000000e+03
5.269000000000000000e+03
2.510000000000000000e+03
7.099000000000000000e+03
2.252000000000000000e+03
4.467000000000000000e+03
4.000000000000000000e+02
5.490000000000000000e+03
3.143000000000000000e+03
7.359000000000000000e+03
2.644000000000000000e+03
4.155000000000000000e+03
6.558000000000000000e+03
4.720000000000000000e+02
5.629000000000000000e+03
7.011000000000000000e+03
5.358000000000000000e+03
7.410000000000000000e+02
1.202000000000000000e+03
3.477000000000000000e+03
2.880000000000000000e+02
3.800000000000000000e+02
3.378000000000000000e+03
6.520000000000000000e+03
3.317000000000000000e+03
9.210000000000000000e+02
4.513000000000000000e+03
7.629000000000000000e+03
5.817000000000000000e+03
8.070000000000000000e+02
6.417000000000000000e+03
7.367000000000000000e+03
7.074000000000000000e+03
5.783000000000000000e+03
6.570000000000000000e+03
4.137000000000000000e+03
6.624000000000000000e+03
7.579000000000000000e+03
3.739000000000000000e+03
1.183000000000000000e+03
3.173000000000000000e+03
2.560000000000000000e+02
1.205000000000000000e+03
7.724000000000000000e+03
7.247000000000000000e+03
2.319000000000000000e+03
7.551000000000000000e+03
1.897000000000000000e+03
5.546000000000000000e+03
7.410000000000000000e+03
6.466000000000000000e+03
9.800000000000000000e+01
6.120000000000000000e+03
1.277000000000000000e+03
5.953000000000000000e+03
4.217000000000000000e+03
7.683000000000000000e+03
5.700000000000000000e+02
4.210000000000000000e+02
3.706000000000000000e+03
9.020000000000000000e+02
4.639000000000000000e+03
5.196000000000000000e+03
1.271000000000000000e+03
3.791000000000000000e+03
7.728000000000000000e+03
5.640000000000000000e+03
2.728000000000000000e+03
3.954000000000000000e+03
4.211000000000000000e+03
5.111000000000000000e+03
6.435000000000000000e+03
2.041000000000000000e+03
7.461000000000000000e+03
3.133000000000000000e+03
5.151000000000000000e+03
2.223000000000000000e+03
7.018000000000000000e+03
4.265000000000000000e+03
4.563000000000000000e+03
2.748000000000000000e+03
3.946000000000000000e+03
7.652000000000000000e+03
3.893000000000000000e+03
7.029000000000000000e+03
1.721000000000000000e+03
7.203000000000000000e+03
4.280000000000000000e+03
7.101000000000000000e+03
5.010000000000000000e+02
6.094000000000000000e+03
1.471000000000000000e+03
5.036000000000000000e+03
4.713000000000000000e+03
4.749000000000000000e+03
6.735000000000000000e+03
2.407000000000000000e+03
6.888000000000000000e+03
4.128000000000000000e+03
2.006000000000000000e+03
4.213000000000000000e+03
3.138000000000000000e+03
4.640000000000000000e+02
1.584000000000000000e+03
3.445000000000000000e+03
6.440000000000000000e+02
5.503000000000000000e+03
2.900000000000000000e+02
3.825000000000000000e+03
3.400000000000000000e+03
5.661000000000000000e+03
7.215000000000000000e+03
5.152000000000000000e+03
9.940000000000000000e+02
5.983000000000000000e+03
6.893000000000000000e+03
2.845000000000000000e+03
6.025000000000000000e+03
7.126000000000000000e+03
4.950000000000000000e+02
2.561000000000000000e+03
6.660000000000000000e+02
2.030000000000000000e+02
3.730000000000000000e+02
2.984000000000000000e+03
1.687000000000000000e+03
1.466000000000000000e+03
3.882000000000000000e+03
5.087000000000000000e+03
4.787000000000000000e+03
1.857000000000000000e+03
3.373000000000000000e+03
6.720000000000000000e+02
6.260000000000000000e+02
2.924000000000000000e+03
6.163000000000000000e+03
5.500000000000000000e+03
1.382000000000000000e+03
3.208000000000000000e+03
5.150000000000000000e+03
1.510000000000000000e+03
6.456000000000000000e+03
1.380000000000000000e+02
2.830000000000000000e+02
5.235000000000000000e+03
4.432000000000000000e+03
1.430000000000000000e+02
1.487000000000000000e+03
7.230000000000000000e+02
7.262000000000000000e+03
4.529000000000000000e+03
4.444000000000000000e+03
6.400000000000000000e+03
1.323000000000000000e+03
6.895000000000000000e+03
4.198000000000000000e+03
9.180000000000000000e+02
7.697000000000000000e+03
3.182000000000000000e+03
2.638000000000000000e+03
7.069000000000000000e+03
4.457000000000000000e+03
6.147000000000000000e+03
7.251000000000000000e+03
5.737000000000000000e+03
5.377000000000000000e+03
6.959000000000000000e+03
3.809000000000000000e+03
7.677000000000000000e+03
2.472000000000000000e+03
1.778000000000000000e+03
5.970000000000000000e+02
1.888000000000000000e+03
4.065000000000000000e+03
4.185000000000000000e+03
6.425000000000000000e+03
7.192000000000000000e+03
8.170000000000000000e+02
3.044000000000000000e+03
2.910000000000000000e+02
5.779000000000000000e+03
2.170000000000000000e+02
7.177000000000000000e+03
6.545000000000000000e+03
1.088000000000000000e+03
1.530000000000000000e+03
2.958000000000000000e+03
4.308000000000000000e+03
3.452000000000000000e+03
1.231000000000000000e+03
7.791000000000000000e+03
5.567000000000000000e+03
6.383000000000000000e+03
2.224000000000000000e+03
1.753000000000000000e+03
7.704000000000000000e+03
5.921000000000000000e+03
4.379000000000000000e+03
1.419000000000000000e+03
1.102000000000000000e+03
4.194000000000000000e+03
1.036000000000000000e+03
1.167000000000000000e+03
4.740000000000000000e+02
1.436000000000000000e+03
3.821000000000000000e+03
1.528000000000000000e+03
4.927000000000000000e+03
1.501000000000000000e+03
1.136000000000000000e+03
6.420000000000000000e+03
6.334000000000000000e+03
3.066000000000000000e+03
5.418000000000000000e+03
2.294000000000000000e+03
7.755000000000000000e+03
7.287000000000000000e+03
4.259000000000000000e+03
6.403000000000000000e+03
6.312000000000000000e+03
5.421000000000000000e+03
3.075000000000000000e+03
4.237000000000000000e+03
8.500000000000000000e+02
6.747000000000000000e+03
6.072000000000000000e+03
6.014000000000000000e+03
6.585000000000000000e+03
6.852000000000000000e+03
7.442000000000000000e+03
4.751000000000000000e+03
5.231000000000000000e+03
7.328000000000000000e+03
5.935000000000000000e+03
2.731000000000000000e+03
1.610000000000000000e+03
5.442000000000000000e+03
9.340000000000000000e+02
3.786000000000000000e+03
6.103000000000000000e+03
4.121000000000000000e+03
4.127000000000000000e+03
1.740000000000000000e+03
7.294000000000000000e+03
8.940000000000000000e+02
1.370000000000000000e+02
1.236000000000000000e+03
4.878000000000000000e+03
3.905000000000000000e+03
9.080000000000000000e+02
1.054000000000000000e+03
4.627000000000000000e+03
1.928000000000000000e+03
6.942000000000000000e+03
4.476000000000000000e+03
2.191000000000000000e+03
5.437000000000000000e+03
5.327000000000000000e+03
2.970000000000000000e+02
3.040000000000000000e+03
4.578000000000000000e+03
7.253000000000000000e+03
4.007000000000000000e+03
4.112000000000000000e+03
7.438000000000000000e+03
1.553000000000000000e+03
6.683000000000000000e+03
5.225000000000000000e+03
1.973000000000000000e+03
5.683000000000000000e+03
5.412000000000000000e+03
5.578000000000000000e+03
2.292000000000000000e+03
7.295000000000000000e+03
7.340000000000000000e+03
2.442000000000000000e+03
6.080000000000000000e+03
6.068000000000000000e+03
3.510000000000000000e+03
5.870000000000000000e+03
1.425000000000000000e+03
4.905000000000000000e+03
3.966000000000000000e+03
8.740000000000000000e+02
6.381000000000000000e+03
2.552000000000000000e+03
1.300000000000000000e+03
5.381000000000000000e+03
4.277000000000000000e+03
7.082000000000000000e+03
5.258000000000000000e+03
2.308000000000000000e+03
6.987000000000000000e+03
4.420000000000000000e+03
4.167000000000000000e+03
4.399000000000000000e+03
1.160000000000000000e+02
6.160000000000000000e+02
4.307000000000000000e+03
6.376000000000000000e+03
3.875000000000000000e+03
6.538000000000000000e+03
2.287000000000000000e+03
7.161000000000000000e+03
9.730000000000000000e+02
3.779000000000000000e+03
7.693000000000000000e+03
3.160000000000000000e+03
4.202000000000000000e+03
6.346000000000000000e+03
6.491000000000000000e+03
6.580000000000000000e+02
4.910000000000000000e+02
3.311000000000000000e+03
2.315000000000000000e+03
6.393000000000000000e+03
6.620000000000000000e+03
7.214000000000000000e+03
1.901000000000000000e+03
4.577000000000000000e+03
1.536000000000000000e+03
2.856000000000000000e+03
3.918000000000000000e+03
3.573000000000000000e+03
4.551000000000000000e+03
1.924000000000000000e+03
3.819000000000000000e+03
1.215000000000000000e+03
7.830000000000000000e+02
4.431000000000000000e+03
7.512000000000000000e+03
1.968000000000000000e+03
6.235000000000000000e+03
1.877000000000000000e+03
7.008000000000000000e+03
3.371000000000000000e+03
6.703000000000000000e+03
4.201000000000000000e+03
4.980000000000000000e+03
3.952000000000000000e+03
3.880000000000000000e+03
2.676000000000000000e+03
2.352000000000000000e+03
3.703000000000000000e+03
7.584000000000000000e+03
1.262000000000000000e+03
4.383000000000000000e+03
4.050000000000000000e+03
6.117000000000000000e+03
6.133000000000000000e+03
4.219000000000000000e+03
5.670000000000000000e+03
1.649000000000000000e+03
5.472000000000000000e+03
2.880000000000000000e+03
1.427000000000000000e+03
6.671000000000000000e+03
6.680000000000000000e+03
1.742000000000000000e+03
4.255000000000000000e+03
7.477000000000000000e+03
2.989000000000000000e+03
2.257000000000000000e+03
3.261000000000000000e+03
5.020000000000000000e+03
2.691000000000000000e+03
1.063000000000000000e+03
6.894000000000000000e+03
5.897000000000000000e+03
6.158000000000000000e+03
1.825000000000000000e+03
5.916000000000000000e+03
4.105000000000000000e+03
6.815000000000000000e+03
7.603000000000000000e+03
2.978000000000000000e+03
3.782000000000000000e+03
2.192000000000000000e+03
6.740000000000000000e+02
5.092000000000000000e+03
2.362000000000000000e+03
1.481000000000000000e+03
7.550000000000000000e+02
4.512000000000000000e+03
5.121000000000000000e+03
6.916000000000000000e+03
2.350000000000000000e+02
5.847000000000000000e+03
5.100000000000000000e+03
1.247000000000000000e+03
8.790000000000000000e+02
1.896000000000000000e+03
1.330000000000000000e+02
4.464000000000000000e+03
3.239000000000000000e+03
4.520000000000000000e+03
4.647000000000000000e+03
1.669000000000000000e+03
5.668000000000000000e+03
4.314000000000000000e+03
1.463000000000000000e+03
2.579000000000000000e+03
2.888000000000000000e+03
3.610000000000000000e+03
3.140000000000000000e+03
8.140000000000000000e+02
3.288000000000000000e+03
6.188000000000000000e+03
2.132000000000000000e+03
7.380000000000000000e+02
5.887000000000000000e+03
3.228000000000000000e+03
9.740000000000000000e+02
5.057000000000000000e+03
6.089000000000000000e+03
6.609000000000000000e+03
6.387000000000000000e+03
2.515000000000000000e+03
7.650000000000000000e+02
6.618000000000000000e+03
5.366000000000000000e+03
3.718000000000000000e+03
3.340000000000000000e+02
3.796000000000000000e+03
6.908000000000000000e+03
6.540000000000000000e+03
1.053000000000000000e+03
2.835000000000000000e+03
2.498000000000000000e+03
2.133000000000000000e+03
3.831000000000000000e+03
3.421000000000000000e+03
5.814000000000000000e+03
4.008000000000000000e+03
2.947000000000000000e+03
6.251000000000000000e+03
7.737000000000000000e+03
7.787000000000000000e+03
3.869000000000000000e+03
4.329000000000000000e+03
5.361000000000000000e+03
1.494000000000000000e+03
3.859000000000000000e+03
2.100000000000000000e+03
5.356000000000000000e+03
6.246000000000000000e+03
7.687000000000000000e+03
1.581000000000000000e+03
1.866000000000000000e+03
7.277000000000000000e+03
7.554000000000000000e+03
5.214000000000000000e+03
7.789000000000000000e+03
1.643000000000000000e+03
1.979000000000000000e+03
1.626000000000000000e+03
2.373000000000000000e+03
3.723000000000000000e+03
4.901000000000000000e+03
1.397000000000000000e+03
2.711000000000000000e+03
6.390000000000000000e+02
3.783000000000000000e+03
3.084000000000000000e+03
5.759000000000000000e+03
9.500000000000000000e+02
7.035000000000000000e+03
1.037000000000000000e+03
5.029000000000000000e+03
7.732000000000000000e+03
6.434000000000000000e+03
2.058000000000000000e+03
5.649000000000000000e+03
5.820000000000000000e+02
1.288000000000000000e+03
4.060000000000000000e+03
4.270000000000000000e+03
7.634000000000000000e+03
6.870000000000000000e+02
8.020000000000000000e+02
5.307000000000000000e+03
1.500000000000000000e+03
3.287000000000000000e+03
5.919000000000000000e+03
2.414000000000000000e+03
1.380000000000000000e+03
4.672000000000000000e+03
7.625000000000000000e+03
5.220000000000000000e+03
3.498000000000000000e+03
5.025000000000000000e+03
5.014000000000000000e+03
5.690000000000000000e+03
1.130000000000000000e+03
1.488000000000000000e+03
2.854000000000000000e+03
4.435000000000000000e+03
2.343000000000000000e+03
2.046000000000000000e+03
2.322000000000000000e+03
4.689000000000000000e+03
5.719000000000000000e+03
6.807000000000000000e+03
6.339000000000000000e+03
9.700000000000000000e+02
7.518000000000000000e+03
6.816000000000000000e+03
5.531000000000000000e+03
2.060000000000000000e+02
6.554000000000000000e+03
3.543000000000000000e+03
3.087000000000000000e+03
2.957000000000000000e+03
2.145000000000000000e+03
7.535000000000000000e+03
5.200000000000000000e+01
5.615000000000000000e+03
5.276000000000000000e+03
5.660000000000000000e+02
3.238000000000000000e+03
3.679000000000000000e+03
7.028000000000000000e+03
3.910000000000000000e+03
1.999000000000000000e+03
3.884000000000000000e+03
8.380000000000000000e+02
7.278000000000000000e+03
3.636000000000000000e+03
7.564000000000000000e+03
6.715000000000000000e+03
5.497000000000000000e+03
2.771000000000000000e+03
2.176000000000000000e+03
1.200000000000000000e+01
7.271000000000000000e+03
4.832000000000000000e+03
7.553000000000000000e+03
5.630000000000000000e+03
1.200000000000000000e+03
2.980000000000000000e+02
7.395000000000000000e+03
7.076000000000000000e+03
6.843000000000000000e+03
5.591000000000000000e+03
2.054000000000000000e+03
3.274000000000000000e+03
7.540000000000000000e+02
5.569000000000000000e+03
3.470000000000000000e+02
5.895000000000000000e+03
5.090000000000000000e+03
4.759000000000000000e+03
5.163000000000000000e+03
5.301000000000000000e+03
4.299000000000000000e+03
1.840000000000000000e+02
1.852000000000000000e+03
6.143000000000000000e+03
5.391000000000000000e+03
6.052000000000000000e+03
7.465000000000000000e+03
7.762000000000000000e+03
3.909000000000000000e+03
7.025000000000000000e+03
7.434000000000000000e+03
6.963000000000000000e+03
6.546000000000000000e+03
4.606000000000000000e+03
6.530000000000000000e+03
4.475000000000000000e+03
5.485000000000000000e+03
6.539000000000000000e+03
3.037000000000000000e+03
4.371000000000000000e+03
5.208000000000000000e+03
3.214000000000000000e+03
5.764000000000000000e+03
6.240000000000000000e+02
5.845000000000000000e+03
7.422000000000000000e+03
9.330000000000000000e+02
5.059000000000000000e+03
6.108000000000000000e+03
3.116000000000000000e+03
1.296000000000000000e+03
6.649000000000000000e+03
6.981000000000000000e+03
1.047000000000000000e+03
7.990000000000000000e+02
7.242000000000000000e+03
3.574000000000000000e+03
5.977000000000000000e+03
6.333000000000000000e+03
3.325000000000000000e+03
6.984000000000000000e+03
5.646000000000000000e+03
6.719000000000000000e+03
1.758000000000000000e+03
7.741000000000000000e+03
9.700000000000000000e+01
7.578000000000000000e+03
6.106000000000000000e+03
1.535000000000000000e+03
4.841000000000000000e+03
4.442000000000000000e+03
6.610000000000000000e+03
1.276000000000000000e+03
3.496000000000000000e+03
3.594000000000000000e+03
4.754000000000000000e+03
2.760000000000000000e+03
2.900000000000000000e+01
3.027000000000000000e+03
5.685000000000000000e+03
3.500000000000000000e+02
3.907000000000000000e+03
4.503000000000000000e+03
5.183000000000000000e+03
3.729000000000000000e+03
6.048000000000000000e+03
3.364000000000000000e+03
1.050000000000000000e+02
7.468000000000000000e+03
4.101000000000000000e+03
7.000000000000000000e+02
2.722000000000000000e+03
6.395000000000000000e+03
5.601000000000000000e+03
6.047000000000000000e+03
5.264000000000000000e+03
2.253000000000000000e+03
4.204000000000000000e+03
1.978000000000000000e+03
4.538000000000000000e+03
2.069000000000000000e+03
5.949000000000000000e+03
3.727000000000000000e+03
2.109000000000000000e+03
7.960000000000000000e+02
4.622000000000000000e+03
5.309000000000000000e+03
7.751000000000000000e+03
6.589000000000000000e+03
2.110000000000000000e+02
3.314000000000000000e+03
1.684000000000000000e+03
3.471000000000000000e+03
7.690000000000000000e+03
4.869000000000000000e+03
7.332000000000000000e+03
4.614000000000000000e+03
4.100000000000000000e+02
6.220000000000000000e+03
1.997000000000000000e+03
1.595000000000000000e+03
6.030000000000000000e+02
1.919000000000000000e+03
6.750000000000000000e+03
6.598000000000000000e+03
2.950000000000000000e+02
7.786000000000000000e+03
1.161000000000000000e+03
5.570000000000000000e+02
2.569000000000000000e+03
5.190000000000000000e+03
6.120000000000000000e+02
6.850000000000000000e+03
6.778000000000000000e+03
4.118000000000000000e+03
7.464000000000000000e+03
1.010000000000000000e+03
4.263000000000000000e+03
1.056000000000000000e+03
6.925000000000000000e+03
1.646000000000000000e+03
4.818000000000000000e+03
2.387000000000000000e+03
1.100000000000000000e+02
2.898000000000000000e+03
7.575000000000000000e+03
6.360000000000000000e+03
5.747000000000000000e+03
3.978000000000000000e+03
5.166000000000000000e+03
5.525000000000000000e+03
1.903000000000000000e+03
7.341000000000000000e+03
2.985000000000000000e+03
1.256000000000000000e+03
7.520000000000000000e+02
2.581000000000000000e+03
5.978000000000000000e+03
5.492000000000000000e+03
3.583000000000000000e+03
1.169000000000000000e+03
3.016000000000000000e+03
1.490000000000000000e+02
1.506000000000000000e+03
2.834000000000000000e+03
7.224000000000000000e+03
3.320000000000000000e+02
6.227000000000000000e+03
1.717000000000000000e+03
2.590000000000000000e+03
7.797000000000000000e+03
4.450000000000000000e+03
2.143000000000000000e+03
2.262000000000000000e+03
3.712000000000000000e+03
3.504000000000000000e+03
5.300000000000000000e+03
5.324000000000000000e+03
6.161000000000000000e+03
4.524000000000000000e+03
5.834000000000000000e+03
3.206000000000000000e+03
5.120000000000000000e+03
8.520000000000000000e+02
1.160000000000000000e+03
3.813000000000000000e+03
3.533000000000000000e+03
6.608000000000000000e+03
7.521000000000000000e+03
7.560000000000000000e+03
7.580000000000000000e+03
5.022000000000000000e+03
3.259000000000000000e+03
6.826000000000000000e+03
5.826000000000000000e+03
1.289000000000000000e+03
3.879000000000000000e+03
6.581000000000000000e+03
2.374000000000000000e+03
7.330000000000000000e+02
7.515000000000000000e+03
3.623000000000000000e+03
3.704000000000000000e+03
5.200000000000000000e+03
4.043000000000000000e+03
2.861000000000000000e+03
8.610000000000000000e+02
6.300000000000000000e+02
3.991000000000000000e+03
4.171000000000000000e+03
4.790000000000000000e+03
6.054000000000000000e+03
2.248000000000000000e+03
2.805000000000000000e+03
1.674000000000000000e+03
7.307000000000000000e+03
1.678000000000000000e+03
6.380000000000000000e+02
6.463000000000000000e+03
7.640000000000000000e+03
3.591000000000000000e+03
7.491000000000000000e+03
5.315000000000000000e+03
4.316000000000000000e+03
1.741000000000000000e+03
3.260000000000000000e+02
6.469000000000000000e+03
5.714000000000000000e+03
1.145000000000000000e+03
4.772000000000000000e+03
3.280000000000000000e+02
6.210000000000000000e+03
2.333000000000000000e+03
4.283000000000000000e+03
6.694000000000000000e+03
1.113000000000000000e+03
7.616000000000000000e+03
3.360000000000000000e+03
5.763000000000000000e+03
7.230000000000000000e+03
6.750000000000000000e+02
2.278000000000000000e+03
8.480000000000000000e+02
2.810000000000000000e+03
5.800000000000000000e+02
5.979000000000000000e+03
5.371000000000000000e+03
5.610000000000000000e+02
4.624000000000000000e+03
1.766000000000000000e+03
2.403000000000000000e+03
7.793000000000000000e+03
4.802000000000000000e+03
5.285000000000000000e+03
6.035000000000000000e+03
4.643000000000000000e+03
5.860000000000000000e+03
5.741000000000000000e+03
6.348000000000000000e+03
7.027000000000000000e+03
4.019000000000000000e+03
2.400000000000000000e+02
1.514000000000000000e+03
3.269000000000000000e+03
2.437000000000000000e+03
2.754000000000000000e+03
3.766000000000000000e+03
3.463000000000000000e+03
7.519000000000000000e+03
9.220000000000000000e+02
6.046000000000000000e+03
6.701000000000000000e+03
4.773000000000000000e+03
5.697000000000000000e+03
7.400000000000000000e+03
5.457000000000000000e+03
7.528000000000000000e+03
4.769000000000000000e+03
1.982000000000000000e+03
4.697000000000000000e+03
4.390000000000000000e+03
5.074000000000000000e+03
1.590000000000000000e+03
2.840000000000000000e+03
3.200000000000000000e+03
1.055000000000000000e+03
3.708000000000000000e+03
7.448000000000000000e+03
1.629000000000000000e+03
6.840000000000000000e+03
1.786000000000000000e+03
7.744000000000000000e+03
7.587000000000000000e+03
1.576000000000000000e+03
1.752000000000000000e+03
6.221000000000000000e+03
6.669000000000000000e+03
4.416000000000000000e+03
1.913000000000000000e+03
5.047000000000000000e+03
2.930000000000000000e+03
8.690000000000000000e+02
2.102000000000000000e+03
2.259000000000000000e+03
7.319000000000000000e+03
3.026000000000000000e+03
6.751000000000000000e+03
5.556000000000000000e+03
5.344000000000000000e+03
5.500000000000000000e+02
3.004000000000000000e+03
5.447000000000000000e+03
2.417000000000000000e+03
4.856000000000000000e+03
6.970000000000000000e+03
5.851000000000000000e+03
2.018000000000000000e+03
6.561000000000000000e+03
6.721000000000000000e+03
1.480000000000000000e+02
8.000000000000000000e+02
6.390000000000000000e+03
6.698000000000000000e+03
1.110000000000000000e+02
7.110000000000000000e+02
1.538000000000000000e+03
2.027000000000000000e+03
7.538000000000000000e+03
5.766000000000000000e+03
3.777000000000000000e+03
3.531000000000000000e+03
4.381000000000000000e+03
5.600000000000000000e+01
2.535000000000000000e+03
6.765000000000000000e+03
2.050000000000000000e+03
6.632000000000000000e+03
2.830000000000000000e+03
7.200000000000000000e+01
2.057000000000000000e+03
6.902000000000000000e+03
1.555000000000000000e+03
6.736000000000000000e+03
5.363000000000000000e+03
4.240000000000000000e+02
1.365000000000000000e+03
7.605000000000000000e+03
4.909000000000000000e+03
1.495000000000000000e+03
2.350000000000000000e+03
3.887000000000000000e+03
4.553000000000000000e+03
1.370000000000000000e+03
4.981000000000000000e+03
5.720000000000000000e+02
6.111000000000000000e+03
6.537000000000000000e+03
1.988000000000000000e+03
4.884000000000000000e+03
7.700000000000000000e+01
2.542000000000000000e+03
6.254000000000000000e+03
5.937000000000000000e+03
6.183000000000000000e+03
4.098000000000000000e+03
1.313000000000000000e+03
4.335000000000000000e+03
6.520000000000000000e+02
1.650000000000000000e+02
5.740000000000000000e+03
6.774000000000000000e+03
7.350000000000000000e+03
2.550000000000000000e+03
4.834000000000000000e+03
2.987000000000000000e+03
8.820000000000000000e+02
4.770000000000000000e+02
1.381000000000000000e+03
7.604000000000000000e+03
1.242000000000000000e+03
5.806000000000000000e+03
2.114000000000000000e+03
1.297000000000000000e+03
3.915000000000000000e+03
4.367000000000000000e+03
2.309000000000000000e+03
1.438000000000000000e+03
7.026000000000000000e+03
1.559000000000000000e+03
2.098000000000000000e+03
7.267000000000000000e+03
5.221000000000000000e+03
6.078000000000000000e+03
4.312000000000000000e+03
3.184000000000000000e+03
2.171000000000000000e+03
7.156000000000000000e+03
4.260000000000000000e+03
5.846000000000000000e+03
4.345000000000000000e+03
3.370000000000000000e+02
5.398000000000000000e+03
3.740000000000000000e+03
5.230000000000000000e+03
5.071000000000000000e+03
1.507000000000000000e+03
7.186000000000000000e+03
2.020000000000000000e+02
2.623000000000000000e+03
5.875000000000000000e+03
5.095000000000000000e+03
3.690000000000000000e+02
5.920000000000000000e+02
6.470000000000000000e+02
1.894000000000000000e+03
2.697000000000000000e+03
1.479000000000000000e+03
5.098000000000000000e+03
7.116000000000000000e+03
3.547000000000000000e+03
3.169000000000000000e+03
4.990000000000000000e+03
2.620000000000000000e+02
2.756000000000000000e+03
6.361000000000000000e+03
4.887000000000000000e+03
2.449000000000000000e+03
1.580000000000000000e+02
6.571000000000000000e+03
1.060000000000000000e+02
1.900000000000000000e+01
4.828000000000000000e+03
8.410000000000000000e+02
3.920000000000000000e+03
7.718000000000000000e+03
6.549000000000000000e+03
2.123000000000000000e+03
5.116000000000000000e+03
4.305000000000000000e+03
7.440000000000000000e+03
2.330000000000000000e+02
1.704000000000000000e+03
4.175000000000000000e+03
3.178000000000000000e+03
6.280000000000000000e+03
2.884000000000000000e+03
6.730000000000000000e+03
6.740000000000000000e+03
3.381000000000000000e+03
5.941000000000000000e+03
7.504000000000000000e+03
7.188000000000000000e+03
6.552000000000000000e+03
2.332000000000000000e+03
1.747000000000000000e+03
5.858000000000000000e+03
3.448000000000000000e+03
7.654000000000000000e+03
5.994000000000000000e+03
3.192000000000000000e+03
4.240000000000000000e+03
7.650000000000000000e+03
1.812000000000000000e+03
5.880000000000000000e+03
3.118000000000000000e+03
1.354000000000000000e+03
3.200000000000000000e+01
5.675000000000000000e+03
3.982000000000000000e+03
2.596000000000000000e+03
2.554000000000000000e+03
6.560000000000000000e+02
6.522000000000000000e+03
6.480000000000000000e+03
1.389000000000000000e+03
3.063000000000000000e+03
3.229000000000000000e+03
2.138000000000000000e+03
5.878000000000000000e+03
1.603000000000000000e+03
3.348000000000000000e+03
8.770000000000000000e+02
7.100000000000000000e+02
6.310000000000000000e+03
1.358000000000000000e+03
2.694000000000000000e+03
5.195000000000000000e+03
5.359000000000000000e+03
4.723000000000000000e+03
3.518000000000000000e+03
3.299000000000000000e+03
5.571000000000000000e+03
2.537000000000000000e+03
1.133000000000000000e+03
5.589000000000000000e+03
6.375000000000000000e+03
2.415000000000000000e+03
6.556000000000000000e+03
6.286000000000000000e+03
7.213000000000000000e+03
7.040000000000000000e+02
3.751000000000000000e+03
7.563000000000000000e+03
2.750000000000000000e+03
6.041000000000000000e+03
6.666000000000000000e+03
4.084000000000000000e+03
6.551000000000000000e+03
5.673000000000000000e+03
2.741000000000000000e+03
9.200000000000000000e+02
5.824000000000000000e+03
2.851000000000000000e+03
3.342000000000000000e+03
5.810000000000000000e+03
1.655000000000000000e+03
3.578000000000000000e+03
7.682000000000000000e+03
6.331000000000000000e+03
2.243000000000000000e+03
6.810000000000000000e+02
1.660000000000000000e+03
1.520000000000000000e+03
6.027000000000000000e+03
2.085000000000000000e+03
2.456000000000000000e+03
3.158000000000000000e+03
3.941000000000000000e+03
1.592000000000000000e+03
5.622000000000000000e+03
6.010000000000000000e+03
2.589000000000000000e+03
6.528000000000000000e+03
7.238000000000000000e+03
1.100000000000000000e+03
2.714000000000000000e+03
4.700000000000000000e+02
6.187000000000000000e+03
6.282000000000000000e+03
6.578000000000000000e+03
4.061000000000000000e+03
4.996000000000000000e+03
5.678000000000000000e+03
8.190000000000000000e+02
6.320000000000000000e+03
7.541000000000000000e+03
4.086000000000000000e+03
2.545000000000000000e+03
5.872000000000000000e+03
6.883000000000000000e+03
7.120000000000000000e+03
4.596000000000000000e+03
5.543000000000000000e+03
1.044000000000000000e+03
1.993000000000000000e+03
7.435000000000000000e+03
1.904000000000000000e+03
6.710000000000000000e+03
3.310000000000000000e+02
3.593000000000000000e+03
2.853000000000000000e+03
2.390000000000000000e+03
1.316000000000000000e+03
2.469000000000000000e+03
6.462000000000000000e+03
4.877000000000000000e+03
2.504000000000000000e+03
7.588000000000000000e+03
1.373000000000000000e+03
7.631000000000000000e+03
5.802000000000000000e+03
2.396000000000000000e+03
6.465000000000000000e+03
2.476000000000000000e+03
4.097000000000000000e+03
6.070000000000000000e+03
6.217000000000000000e+03
1.647000000000000000e+03
4.534000000000000000e+03
7.727000000000000000e+03
6.970000000000000000e+02
4.855000000000000000e+03
1.251000000000000000e+03
5.883000000000000000e+03
2.364000000000000000e+03
5.891000000000000000e+03
1.398000000000000000e+03
5.770000000000000000e+02
3.491000000000000000e+03
4.962000000000000000e+03
3.300000000000000000e+03
6.204000000000000000e+03
4.328000000000000000e+03
3.860000000000000000e+02
7.228000000000000000e+03
4.200000000000000000e+02
7.452000000000000000e+03
2.219000000000000000e+03
2.175000000000000000e+03
1.620000000000000000e+02
6.605000000000000000e+03
3.580000000000000000e+03
5.138000000000000000e+03
3.145000000000000000e+03
4.229000000000000000e+03
6.847000000000000000e+03
5.392000000000000000e+03
1.634000000000000000e+03
2.907000000000000000e+03
4.190000000000000000e+03
3.680000000000000000e+03
6.802000000000000000e+03
6.105000000000000000e+03
1.208000000000000000e+03
1.527000000000000000e+03
7.582000000000000000e+03
5.680000000000000000e+02
1.220000000000000000e+02
6.714000000000000000e+03
2.337000000000000000e+03
2.950000000000000000e+03
7.153000000000000000e+03
1.509000000000000000e+03
2.169000000000000000e+03
1.111000000000000000e+03
1.179000000000000000e+03
4.382000000000000000e+03
1.906000000000000000e+03
4.784000000000000000e+03
6.540000000000000000e+02
3.780000000000000000e+03
8.700000000000000000e+01
1.858000000000000000e+03
6.724000000000000000e+03
6.382000000000000000e+03
6.856000000000000000e+03
5.053000000000000000e+03
6.200000000000000000e+03
6.402000000000000000e+03
5.955000000000000000e+03
3.400000000000000000e+01
1.828000000000000000e+03
3.725000000000000000e+03
7.257000000000000000e+03
2.717000000000000000e+03
6.880000000000000000e+02
2.866000000000000000e+03
4.310000000000000000e+03
7.585000000000000000e+03
6.083000000000000000e+03
6.077000000000000000e+03
7.506000000000000000e+03
5.593000000000000000e+03
6.525000000000000000e+03
6.198000000000000000e+03
5.319000000000000000e+03
2.655000000000000000e+03
6.275000000000000000e+03
3.600000000000000000e+01
5.460000000000000000e+03
1.849000000000000000e+03
2.931000000000000000e+03
3.840000000000000000e+02
5.674000000000000000e+03
4.438000000000000000e+03
3.301000000000000000e+03
6.412000000000000000e+03
2.009000000000000000e+03
5.518000000000000000e+03
4.069000000000000000e+03
4.369000000000000000e+03
